 x    MS   ESC  ESNC ESC2 ESNC2
  -2.0000000000000000        0.0000000000000000        0.0000000000000000        0.0000000000000000        0.0000000000000000        0.0000000000000000     
  -1.9798994974874371        0.0000000000000000        0.0000000000000000        0.0000000000000000        0.0000000000000000        0.0000000000000000     
  -1.9597989949748744        0.0000000000000000        0.0000000000000000        0.0000000000000000        0.0000000000000000        0.0000000000000000     
  -1.9396984924623115        0.0000000000000000        0.0000000000000000        0.0000000000000000        0.0000000000000000        0.0000000000000000     
  -1.9195979899497488        0.0000000000000000        0.0000000000000000        0.0000000000000000        0.0000000000000000        0.0000000000000000     
  -1.8994974874371859        0.0000000000000000        0.0000000000000000        0.0000000000000000        0.0000000000000000        0.0000000000000000     
  -1.8793969849246230        0.0000000000000000        0.0000000000000000        0.0000000000000000        0.0000000000000000        0.0000000000000000     
  -1.8592964824120604        0.0000000000000000        0.0000000000000000        0.0000000000000000        0.0000000000000000        0.0000000000000000     
  -1.8391959798994975        0.0000000000000000        0.0000000000000000        0.0000000000000000        0.0000000000000000        0.0000000000000000     
  -1.8190954773869348        0.0000000000000000        0.0000000000000000        0.0000000000000000        0.0000000000000000        0.0000000000000000     
  -1.7989949748743719        0.0000000000000000        0.0000000000000000        0.0000000000000000        0.0000000000000000        0.0000000000000000     
  -1.7788944723618090        0.0000000000000000        0.0000000000000000        0.0000000000000000        0.0000000000000000        0.0000000000000000     
  -1.7587939698492463        0.0000000000000000        0.0000000000000000        0.0000000000000000        0.0000000000000000        0.0000000000000000     
  -1.7386934673366834        0.0000000000000000        0.0000000000000000        0.0000000000000000        0.0000000000000000        0.0000000000000000     
  -1.7185929648241205        0.0000000000000000        0.0000000000000000        0.0000000000000000        0.0000000000000000        0.0000000000000000     
  -1.6984924623115578        0.0000000000000000        0.0000000000000000        0.0000000000000000        0.0000000000000000        0.0000000000000000     
  -1.6783919597989949        0.0000000000000000        0.0000000000000000        0.0000000000000000        0.0000000000000000        0.0000000000000000     
  -1.6582914572864320        0.0000000000000000        0.0000000000000000        0.0000000000000000        0.0000000000000000        0.0000000000000000     
  -1.6381909547738693        0.0000000000000000        0.0000000000000000        0.0000000000000000        0.0000000000000000        0.0000000000000000     
  -1.6180904522613064        0.0000000000000000        0.0000000000000000        0.0000000000000000        0.0000000000000000        0.0000000000000000     
  -1.5979899497487438        0.0000000000000000        0.0000000000000000        0.0000000000000000        0.0000000000000000        0.0000000000000000     
  -1.5778894472361809        0.0000000000000000        0.0000000000000000        0.0000000000000000        0.0000000000000000        0.0000000000000000     
  -1.5577889447236180        0.0000000000000000        0.0000000000000000        0.0000000000000000        0.0000000000000000        0.0000000000000000     
  -1.5376884422110553        0.0000000000000000        0.0000000000000000        0.0000000000000000        0.0000000000000000        0.0000000000000000     
  -1.5175879396984926        0.0000000000000000        0.0000000000000000        0.0000000000000000        0.0000000000000000        0.0000000000000000     
  -1.4974874371859297        0.0000000000000000        0.0000000000000000        0.0000000000000000        0.0000000000000000        0.0000000000000000     
  -1.4773869346733668        0.0000000000000000        0.0000000000000000        0.0000000000000000        0.0000000000000000        0.0000000000000000     
  -1.4572864321608039        0.0000000000000000        0.0000000000000000        0.0000000000000000        0.0000000000000000        0.0000000000000000     
  -1.4371859296482412        0.0000000000000000        0.0000000000000000        0.0000000000000000        0.0000000000000000        0.0000000000000000     
  -1.4170854271356783        0.0000000000000000        0.0000000000000000        0.0000000000000000        0.0000000000000000        0.0000000000000000     
  -1.3969849246231156        0.0000000000000000        0.0000000000000000        0.0000000000000000        0.0000000000000000        0.0000000000000000     
  -1.3768844221105527        0.0000000000000000        0.0000000000000000        0.0000000000000000        0.0000000000000000        0.0000000000000000     
  -1.3567839195979898        0.0000000000000000        0.0000000000000000        0.0000000000000000        0.0000000000000000        0.0000000000000000     
  -1.3366834170854272        0.0000000000000000        0.0000000000000000        0.0000000000000000        0.0000000000000000        0.0000000000000000     
  -1.3165829145728642        0.0000000000000000        0.0000000000000000        0.0000000000000000        0.0000000000000000        0.0000000000000000     
  -1.2964824120603016        0.0000000000000000        0.0000000000000000        0.0000000000000000        0.0000000000000000        0.0000000000000000     
  -1.2763819095477387        0.0000000000000000        0.0000000000000000        0.0000000000000000        0.0000000000000000        0.0000000000000000     
  -1.2562814070351758        0.0000000000000000        0.0000000000000000        0.0000000000000000        0.0000000000000000        0.0000000000000000     
  -1.2361809045226129        0.0000000000000000        0.0000000000000000        0.0000000000000000        0.0000000000000000        0.0000000000000000     
  -1.2160804020100502        0.0000000000000000        0.0000000000000000        0.0000000000000000        0.0000000000000000        0.0000000000000000     
  -1.1959798994974875        0.0000000000000000        0.0000000000000000        0.0000000000000000        0.0000000000000000        0.0000000000000000     
  -1.1758793969849246        0.0000000000000000        0.0000000000000000        0.0000000000000000        0.0000000000000000        0.0000000000000000     
  -1.1557788944723617        0.0000000000000000        0.0000000000000000        0.0000000000000000        0.0000000000000000        0.0000000000000000     
  -1.1356783919597988        0.0000000000000000        0.0000000000000000        0.0000000000000000        0.0000000000000000        0.0000000000000000     
  -1.1155778894472361        1.0974199142557978E-206   4.3765986238774151E-220  -1.0600689623879215E-210   4.9235106916514402E-219  -1.4199012686779675E-209
  -1.0954773869346734        3.4836310891174587E-103   8.0327583769889115E-110  -5.7825353500382568E-105   2.1299486725069621E-109  -1.6554451298232353E-104
  -1.0753768844221105        1.1982650410081765E-051   6.7101933931317452E-055  -2.6169489718998932E-052   9.6996555657245772E-055  -3.9093714275987545E-052
  -1.0552763819095476        4.5958545594082284E-026   1.2718227034224160E-027   3.6438228613527330E-026   1.4409590298339203E-027   4.1851673371070779E-026
  -1.0351758793969847        1.9053706117910574E-013   3.6981274096505647E-014   1.6652216654395320E-013   3.8268130645192288E-014   1.7323210150288202E-013
  -1.0150753768844223        2.5816807371160894E-007   1.3143083137505214E-007   2.3576920277034988E-007   1.3216847225896464E-007   2.3748967836571832E-007
 -0.99497487437185939        1.9199163955359522E-004   1.5372943315854217E-004   1.7679122210404095E-004   1.5378666016239528E-004   1.7686643625874519E-004
 -0.97487437185929648        3.0287383858767910E-003   2.7240206460386030E-003   2.7581172958035982E-003   2.7238091563590704E-003   2.7578156663317088E-003
 -0.95477386934673381        8.7103112478658061E-003   7.9544494039313230E-003   7.9742921240747115E-003   7.9532538574153371E-003   7.9729841192454059E-003
 -0.93467336683417090        1.6387026648861588E-002   1.5144088685695334E-002   1.5156242764567139E-002   1.5143150722060475E-002   1.5155216964123044E-002
 -0.91457286432160800        2.5568638613065822E-002   2.3852457488678345E-002   2.3860155880079011E-002   2.3855077533397627E-002   2.3862713770186759E-002
 -0.89447236180904532        3.5941812759512214E-002   3.3782944596574584E-002   3.3787808696537386E-002   3.3793667734948060E-002   3.3798489631949341E-002
 -0.87437185929648242        4.7288257608304532E-002   4.4722512270556611E-002   4.4725458621112206E-002   4.4746500153776098E-002   4.4749418899416291E-002
 -0.85427135678391974        5.9447124342371253E-002   5.6511052391240234E-002   5.6512644954534980E-002   5.6553674412783014E-002   5.6555249930292428E-002
 -0.83417085427135684        7.2295022621532548E-002   6.9024070793491113E-002   6.9024677914537827E-002   6.9090646342205950E-002   6.9091244077193623E-002
 -0.81407035175879394        8.5734346070828180E-002   8.2162141402684144E-002   8.2162014538364553E-002   8.2257778750301908E-002   8.2257648097978808E-002
 -0.79396984924623126        9.9685975331352927E-002   9.5844112989055638E-002   9.5843429792445339E-002   9.5973609422166664E-002   9.5972926564349970E-002
 -0.77386934673366836       0.11408447711573323       0.11000253692528424       0.11000142641375085       0.11017031792645313       0.11016921082206275     
 -0.75376884422110568       0.12887481471940909       0.12458047870698126       0.12457903672901596       0.12479056224590698       0.12478912597485767     
 -0.73366834170854278       0.14401001844319095       0.13952922815696978       0.13952752729206380       0.13978520523368043       0.13978351181225918     
 -0.71356783919597988       0.15944948975696666       0.15480661369374674       0.15480470980524244       0.15511163942411549       0.15510974429950650     
 -0.69346733668341720       0.17515773758844658       0.17037573457382671       0.17037367127057962       0.17073252608611547       0.17073047255744428     
 -0.67336683417085430       0.19110341742018583       0.18620398960721810       0.18620180135575334       0.18661482828160056       0.18661265058350079     
 -0.65326633165829162       0.20725858760519586       0.20226232072625305       0.20226003506760420       0.20272905712859390       0.20272678262769728     
 -0.63316582914572872       0.22359812469846652       0.21852461520437519       0.21852225436249886       0.21904867560472013       0.21904632639342825     
 -0.61306532663316582       0.24009925727959186       0.23496722697169944       0.23496480903962741       0.23554962069739999       0.23554721476938689     
 -0.59296482412060314       0.25674118945644392       0.25156858864877468       0.25156612847618959       0.25220991576456292       0.25220746789452819     
 -0.57286432160804024       0.27350479318473236       0.26830889358218590       0.26830640344833562       0.26900935255456293       0.26900687496534348     
 -0.55276381909547756       0.29037235403824430       0.28516983252087702       0.28516732265083283       0.28592922763745315       0.28592673051194151     
 -0.53266331658291466       0.30732735894239999       0.30213437337968163       0.30213185234472106       0.30295212177235165       0.30294961365060080     
 -0.51256281407035176       0.32435431716320973       0.31918657528593575       0.31918405031715413       0.32006171346105683       0.32005920155139889     
 -0.49246231155778908       0.34143860786557195       0.33631143011819525       0.33630890735441338       0.33724261993472260       0.33724011035976303     
 -0.47236180904522618       0.35856634904532397       0.35349472623886363       0.35349221092427335       0.35448026030172808       0.35447775829450989     
 -0.45226130653266328       0.37572428375144834       0.37072293024211445       0.37072042688511148       0.37176073669648207       0.37175824675816305     
 -0.43216080402010060       0.39289968035338596       0.38798308338678267       0.38798059588857176       0.38907073011162974       0.38906825613917539     
 -0.41206030150753770       0.41008024424677197       0.40526271003248548       0.40526024179195574       0.40639740824083931       0.40639495363117173     
 -0.39195979899497502       0.42725403888088131       0.42254973589702421       0.42254728989686208       0.42372834315647478       0.42372591089199685     
 -0.37185929648241212       0.44440941436970927       0.43983241434079179       0.43982999321865707       0.44105143703232219       0.44104902975161031     
 -0.35175879396984921       0.46153494224274405       0.45709925918610778       0.45709686529384802       0.45835485442256485       0.45835247447917771     
 -0.33165829145728654       0.47861935512072412       0.47433898281573184       0.47433661826896217       0.47562695984383113       0.47562460935554007     
 -0.31155778894472363       0.49565149028045768       0.49154043847974344       0.49153810519962648       0.49285625959172885       0.49285394048198961     
 -0.29145728643216096       0.51262023621184527       0.50869256588432177       0.50869026563300412       0.51003134686758655       0.51002906090069178     
 -0.27135678391959805       0.52951448137758839       0.52578433924779178       0.52578207365865692       0.52714084940313732       0.52713859821420206     
 -0.25125628140703515       0.54632306446765189       0.54280471709465394       0.54280248769832384       0.54417337885665273       0.54417116397735277     
 -0.23115577889447247       0.56303472550083689       0.55974259312169905       0.55974040136853398       0.56111748131803862       0.56111530419884192     
 -0.21105527638190957       0.57963805716809147       0.57658674751505024       0.57658459479475188       0.57796158830598021       0.57795945033547036     
 -0.19095477386934689       0.59612145583882059       0.59332579812545694       0.59332368578426309       0.59469396766978222       0.59469187019155301     
 -0.17085427135678399       0.61247307166410958       0.60994815092304089       0.60994608027890718       0.61130267382375725       0.61130061815126435     
 -0.15075376884422109       0.62868075721049832       0.62644194915298079       0.62643992150906136       0.62777549674394506       0.62777348417362044     
 -0.13065326633165841       0.64473201404529179       0.64279502060077864       0.64279303725745418       0.64409990914611370       0.64409794096898187     
 -0.11055276381909551       0.66061393666944879       0.65899482234977313       0.65899288461541239       0.66026301124047260       0.66026108875244238     
  -9.0452261306532833E-002  0.67631315315654805       0.67502838237393181       0.67502649157451833       0.67625147242189287       0.67624959693284903     
  -7.0351758793969932E-002  0.69181576180540993       0.69088223725469278       0.69088039474239482       0.69205146920384220       0.69204964204560104     
  -5.0251256281407031E-002  0.70710726304851657       0.70654236524022007       0.70654057240092716       0.70764861863834050       0.70764684117147758     
  -3.0150753768844352E-002  0.72217248577676274       0.72199411377681977       0.72199237203660649       0.72302790638115566       0.72302618000065300     
  -1.0050251256281673E-002  0.73699550714113415       0.73722212053266911       0.73722043136308213       0.73817360845870017       0.73817193459828934     
   1.0050251256281229E-002  0.75155956477094932       0.75221022679994098       0.75220859172191445       0.75306920566745772       0.75306758580244715     
   3.0150753768844130E-002  0.76584696020285370       0.76694138199834017       0.76693980258445094       0.76769728938418957       0.76769572503246075     
   5.0251256281407031E-002  0.77983895214064125       0.78139753780541199       0.78139601568004402       0.78203945738056002       0.78203795010128263     
   7.0351758793969932E-002  0.79351563795799696       0.79555953019961856       0.79555806703644050       0.79607619801275153       0.79607474940219269     
   9.0452261306532389E-002  0.80685582160806979       0.80940694741225383       0.80940554492818384       0.80978676088715307       0.80978537257073135     
  0.11055276381909529       0.81983686580768778       0.82291798143264305       0.82291664137717346       0.82314901177726374       0.82314768539669370     
  0.13065326633165819       0.83243452601059864       0.83606926028375217       0.83606798442210395       0.83613926917207526       0.83613800636605129     
  0.15075376884422109       0.84462276326193353       0.84883565776471404       0.84883444785273532       0.84873211935664672       0.84873092173297371     
  0.17085427135678399       0.85637353252130277       0.86119007672061754       0.86118893446859901       0.86090020634165465       0.86089907543799971     
  0.19095477386934689       0.86765654243772961       0.87310320112007933       0.87310212814163080       0.87261399224548830       0.87261292947494018     
  0.21105527638190935       0.87843898183575653       0.88454321126191593       0.88454220900263048       0.88384148285856945       0.88384048943482152     
  0.23115577889447225       0.88868520730416645       0.89547545524825956       0.89547452488693002       0.89454791204520667       0.89454698888030482     
  0.25125628140703515       0.89835638523768946       0.90586206839483507       0.90586121070724102       0.90469537731299698       0.90469452487798396     
  0.27135678391959805       0.90741008043333049       0.91566153042596943       0.91566074559738753       0.91424241723946675       0.91424163537460779     
  0.29145728643216096       0.91579978184606903       0.92482814802784408       0.92482743539496670       0.92314351940881112       0.92314280706496354     
  0.31155778894472341       0.92347435431712621       0.93331144748798112       0.93331080518312959       0.93134854497474007       0.93134789986017019     
  0.33165829145728631       0.93037740294955373       0.94105545857830275       0.94105488303762252       0.93880205279728235       0.93880147089388444     
  0.35175879396984921       0.93644653426440860       0.94799786634816186       0.94799735162929255       0.94544250213613101       0.94544197703414179     
  0.37185929648241212       0.94161249527004942       0.95406900183653787       0.95406853866766650       0.95120130791286606       0.95120082989166899     
  0.39195979899497502       0.94579816806846639       0.95919063558276174       0.95919021003037430       0.95600171632160569       0.95600127107290223     
  0.41206030150753747       0.94891739357897154       0.96327452883865472       0.96327412043021943       0.95975746075951762       0.95975702760319948     
  0.43216080402010038       0.95087359340005151       0.96622068612004686       0.96622026518194071       0.96237114829736892       0.96237069767258077     
  0.45226130653266328       0.95155815386150921       0.96791523869019047       0.96791476254770525       0.96373231480773391       0.96373180472080477     
  0.47236180904522618       0.95084853120592494       0.96822787125414400       0.96822727876997350       0.96371507201058793       0.96371444297092301     
  0.49246231155778908       0.94860603211919370       0.96700868321002598       0.96700788688083406       0.96217525178801311       0.96217441953718286     
  0.51256281407035154       0.94467322050653046       0.96408435131393733       0.96408322575724370       0.95894693219834171       0.95894577719809238     
  0.53266331658291444       0.93887090125856199       0.95925343361431981       0.95925179869494226       0.95383820649880990       0.95383655863365102     
  0.55276381909547734       0.93099463782559044       0.95228062812411352       0.95227822409834384       0.94662603361886855       0.94662364980619085     
  0.57286432160804024       0.92081077786556753       0.94288978123458278       0.94288623200872890       0.93704999164905023       0.93704652292221413     
  0.59296482412060314       0.90805199862141306       0.93075544577604086       0.93075020454512503       0.92480475711087995       0.92479970011093937     
  0.61306532663316560       0.89241245515039269       0.91549284780466578       0.91548511686458811       0.90953117617879642       0.90952380173350467     
  0.63316582914572850       0.87354274325148629       0.89664629445433519       0.89663490801540557       0.89080592622241317       0.89079517482330384     
  0.65326633165829140       0.85104511278569972       0.87367645557809792       0.87365971186283098       0.86813007496190564       0.86811440599253564     
  0.67336683417085430       0.82446974778668158       0.84594778887550603       0.84592321864085984       0.84091749320592757       0.84089467368537141     
  0.69346733668341720       0.79331356777183226       0.81271903212842866       0.81268310312516134       0.80848536263687554       0.80845218767608551     
  0.71356783919597966       0.75702406316645210       0.77314283013272100       0.77309063088381536       0.77005147264739360       0.77000343829089068     
  0.73366834170854256       0.71501242072575955       0.72628634133525205       0.72621140818019014       0.72474753760628541       0.72467857162180938     
  0.75376884422110546       0.66668304489623531       0.67119487656855348       0.67108961625812902       0.67166589233886120       0.67156846429799111     
  0.77386934673366836       0.61149119686774078       0.60703758766268234       0.60689534691271962       0.60997082755568310       0.60983724472715317     
  0.79396984924623126       0.54904780972953482       0.53339909476246405       0.53321989052584795       0.53912769079578604       0.53895430559414970     
  0.81407035175879372       0.47930168791500161       0.45080570927840669       0.45060809450814837       0.45933071144424581       0.45912787793207482     
  0.83417085427135662       0.40284420681510397       0.36155349620056620       0.36139046884535042       0.37222103163905162       0.37203032079968412     
  0.85427135678391952       0.32139285567170967       0.27067583532168643       0.27063284691957851       0.28187790924570510       0.28178443324793723     
  0.87437185929648242       0.23847619534034356       0.18613656361891667       0.18626908252421551       0.19554226278061498       0.19563518365069954     
  0.89447236180904532       0.16009433963762179       0.11647359959525477       0.11672396657765131       0.12236611344939098       0.12262555307564697     
  0.91457286432160778        9.4242471043519779E-002   6.6156896683506813E-002   6.6404785201558514E-002   6.8776598232202432E-002   6.9060540168024737E-002
  0.93467336683417068        4.7307157788128065E-002   3.3624279479077486E-002   3.3808768739063397E-002   3.4449296831901108E-002   3.4658941336472890E-002
  0.95477386934673358        1.9374209846631303E-002   1.4316274705673164E-002   1.4443180418768112E-002   1.4503772252084842E-002   1.4640635885648307E-002
  0.97487437185929648        5.4293927160435499E-003   4.1100764043163667E-003   4.2010076346763077E-003   4.1386588295270824E-003   4.2325336993831401E-003
  0.99497487437185939        4.1456922873966387E-004   2.6419179123175464E-004   3.0037946608027976E-004   2.6612948746407208E-004   3.0284423312717493E-004
   1.0150753768844223        1.3293740728391444E-006   4.9535860382569187E-007   7.4313687548102764E-007   5.0523481278913932E-007   7.5992399745861205E-007
   1.0351758793969847        6.6243890612286344E-012   7.8095946743247772E-013   2.0653624032296970E-012   8.3381105236163181E-013   2.2204182203674825E-012
   1.0552763819095476        7.7431505659386147E-023   8.8756917124963096E-025   7.3264414653052599E-024   1.0790293395125695E-024   9.0597058327789999E-024
   1.0753768844221105        4.7969537198540964E-045   5.1792839783647126E-049   8.3594541346550442E-048   8.7794203626436734E-049   1.4753210536503738E-047
   1.0954773869346734        7.6566794861863763E-090   7.4792833527506872E-098   4.5879831144185345E-096   2.8374501241977083E-097   1.9105049814993779E-095
   1.1155778894472363        6.6456189488865183E-180   5.6327426131393260E-196   4.9115676754011705E-193   1.4066668026301485E-194   1.5144227251852822E-191
   1.1356783919597988        0.0000000000000000        0.0000000000000000        0.0000000000000000        0.0000000000000000        0.0000000000000000     
   1.1557788944723617        0.0000000000000000        0.0000000000000000        0.0000000000000000        0.0000000000000000        0.0000000000000000     
   1.1758793969849246        0.0000000000000000        0.0000000000000000        0.0000000000000000        0.0000000000000000        0.0000000000000000     
   1.1959798994974875        0.0000000000000000        0.0000000000000000        0.0000000000000000        0.0000000000000000        0.0000000000000000     
   1.2160804020100504        0.0000000000000000        0.0000000000000000        0.0000000000000000        0.0000000000000000        0.0000000000000000     
   1.2361809045226129        0.0000000000000000        0.0000000000000000        0.0000000000000000        0.0000000000000000        0.0000000000000000     
   1.2562814070351758        0.0000000000000000        0.0000000000000000        0.0000000000000000        0.0000000000000000        0.0000000000000000     
   1.2763819095477387        0.0000000000000000        0.0000000000000000        0.0000000000000000        0.0000000000000000        0.0000000000000000     
   1.2964824120603016        0.0000000000000000        0.0000000000000000        0.0000000000000000        0.0000000000000000        0.0000000000000000     
   1.3165829145728645        0.0000000000000000        0.0000000000000000        0.0000000000000000        0.0000000000000000        0.0000000000000000     
   1.3366834170854269        0.0000000000000000        0.0000000000000000        0.0000000000000000        0.0000000000000000        0.0000000000000000     
   1.3567839195979898        0.0000000000000000        0.0000000000000000        0.0000000000000000        0.0000000000000000        0.0000000000000000     
   1.3768844221105527        0.0000000000000000        0.0000000000000000        0.0000000000000000        0.0000000000000000        0.0000000000000000     
   1.3969849246231156        0.0000000000000000        0.0000000000000000        0.0000000000000000        0.0000000000000000        0.0000000000000000     
   1.4170854271356785        0.0000000000000000        0.0000000000000000        0.0000000000000000        0.0000000000000000        0.0000000000000000     
   1.4371859296482410        0.0000000000000000        0.0000000000000000        0.0000000000000000        0.0000000000000000        0.0000000000000000     
   1.4572864321608039        0.0000000000000000        0.0000000000000000        0.0000000000000000        0.0000000000000000        0.0000000000000000     
   1.4773869346733668        0.0000000000000000        0.0000000000000000        0.0000000000000000        0.0000000000000000        0.0000000000000000     
   1.4974874371859297        0.0000000000000000        0.0000000000000000        0.0000000000000000        0.0000000000000000        0.0000000000000000     
   1.5175879396984926        0.0000000000000000        0.0000000000000000        0.0000000000000000        0.0000000000000000        0.0000000000000000     
   1.5376884422110551        0.0000000000000000        0.0000000000000000        0.0000000000000000        0.0000000000000000        0.0000000000000000     
   1.5577889447236180        0.0000000000000000        0.0000000000000000        0.0000000000000000        0.0000000000000000        0.0000000000000000     
   1.5778894472361809        0.0000000000000000        0.0000000000000000        0.0000000000000000        0.0000000000000000        0.0000000000000000     
   1.5979899497487438        0.0000000000000000        0.0000000000000000        0.0000000000000000        0.0000000000000000        0.0000000000000000     
   1.6180904522613067        0.0000000000000000        0.0000000000000000        0.0000000000000000        0.0000000000000000        0.0000000000000000     
   1.6381909547738691        0.0000000000000000        0.0000000000000000        0.0000000000000000        0.0000000000000000        0.0000000000000000     
   1.6582914572864320        0.0000000000000000        0.0000000000000000        0.0000000000000000        0.0000000000000000        0.0000000000000000     
   1.6783919597989949        0.0000000000000000        0.0000000000000000        0.0000000000000000        0.0000000000000000        0.0000000000000000     
   1.6984924623115578        0.0000000000000000        0.0000000000000000        0.0000000000000000        0.0000000000000000        0.0000000000000000     
   1.7185929648241207        0.0000000000000000        0.0000000000000000        0.0000000000000000        0.0000000000000000        0.0000000000000000     
   1.7386934673366832        0.0000000000000000        0.0000000000000000        0.0000000000000000        0.0000000000000000        0.0000000000000000     
   1.7587939698492461        0.0000000000000000        0.0000000000000000        0.0000000000000000        0.0000000000000000        0.0000000000000000     
   1.7788944723618090        0.0000000000000000        0.0000000000000000        0.0000000000000000        0.0000000000000000        0.0000000000000000     
   1.7989949748743719        0.0000000000000000        0.0000000000000000        0.0000000000000000        0.0000000000000000        0.0000000000000000     
   1.8190954773869348        0.0000000000000000        0.0000000000000000        0.0000000000000000        0.0000000000000000        0.0000000000000000     
   1.8391959798994972        0.0000000000000000        0.0000000000000000        0.0000000000000000        0.0000000000000000        0.0000000000000000     
   1.8592964824120601        0.0000000000000000        0.0000000000000000        0.0000000000000000        0.0000000000000000        0.0000000000000000     
   1.8793969849246230        0.0000000000000000        0.0000000000000000        0.0000000000000000        0.0000000000000000        0.0000000000000000     
   1.8994974874371859        0.0000000000000000        0.0000000000000000        0.0000000000000000        0.0000000000000000        0.0000000000000000     
   1.9195979899497488        0.0000000000000000        0.0000000000000000        0.0000000000000000        0.0000000000000000        0.0000000000000000     
   1.9396984924623117        0.0000000000000000        0.0000000000000000        0.0000000000000000        0.0000000000000000        0.0000000000000000     
   1.9597989949748742        0.0000000000000000        0.0000000000000000        0.0000000000000000        0.0000000000000000        0.0000000000000000     
   1.9798994974874371        0.0000000000000000        0.0000000000000000        0.0000000000000000        0.0000000000000000        0.0000000000000000     
   1.9999999999999996        0.0000000000000000        0.0000000000000000        0.0000000000000000        0.0000000000000000        0.0000000000000000     
